78719.99229
78502.13082
78344.68536
78240.14352
78180.87109
78158.83233
78165.59305
78192.69805
78232.44755
78279.01803
78329.79391
78386.71189
78457.38153
78555.74452
78702.0731
78922.18325
79245.84036
79704.44793
80328.21669
81143.09338
82167.77219
83411.1101
84870.22031
86529.43469
88360.22092
90322.03116
92363.96407
94427.05525
96446.97983
98356.95542
100090.6666
101585.0812
102783.0801
103635.8587
104105.0794
104164.7456
103802.7424
103021.9567
101840.8522
100293.3665
98428.00612
96306.06107
93998.93856
91584.70704
89144.04476
86755.87523
84493.03225
82418.3175
80581.28734
79016.03574
77740.13613
76754.78142
76046.03767
75587.01853
75340.71076
75263.14282
75306.59146
75422.56001
75564.32772
75688.94852
75758.65705
75741.70905
75612.73312
75352.69941
74948.61757
74393.0661
73683.6342
72822.3315
71814.99721
70670.72136
69401.27987
68020.58062
66544.1192
64988.44711
63370.66006
61707.9173
60017.00448
58313.95126
56613.71198
54929.91435
53274.67737
51658.49665
50090.19323
48576.92048
47124.22239
45736.13508
44415.32224
43163.23347
41980.27341
40865.96949
39819.12694
38837.96251
37920.21175
37063.20969
36263.94874
35519.12139
34825.15717
34178.26323
33574.47588
33009.72714
32479.92639
31981.05355
31509.2575
31060.95254
30632.90601
30222.31168
29826.84608
29444.70673
29074.63259
28715.90758
28368.34726
28032.26776
27708.43491
27397.99133
27102.36026
26823.12675
26561.90065
26320.16894
26099.14845
25899.6517
25721.97848
25565.84359
25430.34713
25313.98806
25214.71704
25130.01937
25057.01668
24992.57562
24933.41362
24876.19553
24817.61951
24754.49436
24683.81351
24602.83137
24509.14635
24400.79133
24276.32808
24134.93738
23976.49385
23801.61241
23611.6555
23408.69283
23195.41173
22974.98204
22750.88575
22526.72659
22306.03733
22092.10277
21887.81452
21695.56891
21517.21454
21354.04961
21206.86409
21076.01718
20961.5376
20863.23286
20780.79361
20713.88074
20662.18521
20625.45409
20603.48004
20596.05609
20602.90162
20623.57005
20657.35173
20703.18793
20759.61167
20824.72968
20896.25501
20971.59396
21047.98302
21122.66406
21193.07851
21257.05693
21312.9786
21359.87805
21397.48138
21426.16419
21446.83384
21460.74929
21469.30126
21473.78116
21475.16924
21473.96936
21470.11103
21462.92957
21451.22398
21433.38137
21407.54862
21371.82647
21324.46063
21264.00686
21189.45355
21100.29252
20996.53745
20878.69627
20747.70899
20604.86478
20451.71193
20289.97157
20121.46251
19948.03977
19771.54634
19593.7746
19416.43327
19241.11624
19069.27112
18902.16765
18740.86787
18586.20147
18438.74988
18298.84218
18166.56422
18041.78071
17924.16785
17813.25291
17708.45636
17609.13233
17514.60383
17424.19088
17337.23069
17253.09064
17171.17569
17090.93194
17011.84827
16933.45713
16855.33525
16777.10412
16698.42993
16619.02249
16538.63295
16457.05038
16374.09784
16289.62862
16203.52363
16115.69048
16026.06437
15934.61062
15841.3279
15746.25119
15649.45343
15551.04521
15451.17217
15350.01076
15247.76308
15144.65212
15040.91854
14936.81962
14832.63058
14728.64739
14625.18971
14522.60201
14421.25115
14321.51875
14223.788
14128.42523
14035.75816
13946.05326
13859.49552
13776.17386
13696.07468
13619.08509
13545.00599
13473.57359
13404.48663
13337.4359
13272.13202
13208.32797
13145.83363
13084.52077
13024.31844
12965.20011
12907.16479
12850.21554
12794.33834
12739.48471
12685.56007
12632.41956
12579.8715
12527.68784
12475.62027
12423.41983
12370.85777
12317.74545
12263.95109
12209.41198
12154.14078
12098.22562
12041.82395
11985.15068
11928.4617
11872.03416
11816.14509
11761.05025
11706.96487
11654.04795
11602.39123
11552.01385
11502.86278
11454.81886
11407.70756
11361.31323
11315.39538
11269.70519
11224.00094
11178.06101
11131.69356
11084.7426
11037.0905
10988.65731
10939.39773
10889.2965
10838.36309
10786.62637
10734.12974
10680.92713
10627.07976
10572.65372
10517.71811
10462.34353
10406.60082
10350.56
10294.2892
10237.8539
10181.31639
10124.73553
10068.16694
10011.66345
9955.27578
9899.053339
9843.044882
9787.298989
9731.864228
9676.788995
9622.121116
9567.907312
9514.192717
9461.020614
9408.432524
9356.468733
9305.16926
9254.57517
9204.730092
9155.681721
9107.483101
9060.193464
9013.878477
8968.609791
8924.463875
8881.520197
8839.858861
8799.557884
8760.690312
8723.321373
8687.50587
8653.285979
8620.689579
8589.729214
8560.401715
8532.688497
8506.556499
8481.959693
8458.841075
8437.135018
8416.769865
8397.670607
8379.761527
8362.96865
8347.221906
8332.456885
8318.616145
8305.650019
8293.516955
8282.183407
8271.62338
8261.817704
8252.75316
8244.421552
8236.818812
8229.944201
8223.79962
8218.389004
8213.717757
8209.792119
8206.618378
8204.201825
8202.545369
8201.647771
8201.50153
8202.090473
8203.387193
8205.350515
8207.923196
8211.030081
8214.576911
8218.449937
8222.516431
8226.6261
8230.613337
8234.300167
8237.499665
8240.019633
8241.666266
8242.247602
8241.576552
8239.473413
8235.767805
8230.300063
8222.922165
8213.498326
8201.905414
8188.033334
8171.785516
8153.079593
8131.848328
8108.040775
8081.623632
8052.582703
8020.924348
7986.676818
7949.891347
7910.642899
7869.03049
7825.177034
7779.228674
7731.3536
7681.740363
7630.595725
7578.142068
7524.614443
7470.257286
7415.320886
7360.057664
7304.718335
7249.548043
7194.782533
7140.644457
7087.3399
7035.055193
6983.954113
6934.175505
6885.831416
6839.005755
6793.753521
6750.100609
6708.044203
6667.553716
6628.57229
6591.01879
6554.790256
6519.76477
6485.804654
6452.759952
6420.472098
6388.777701
6357.512352
6326.514365
6295.628356
6264.708584
6233.621959
6202.250651
6170.494235
6138.271331
6105.520702
6072.201787
6038.294683
6003.799583
5968.735695
5933.139695
5897.06376
5860.573246
5823.744086
5786.65998
5749.409472
5712.082987
5674.769929
5637.555922
5600.520286
5563.733809
5527.256917
5491.138261
5455.413798
5420.106367
5385.225771
5350.769366
5316.72309
5283.062912
5249.756615
5216.765823
5184.04821
5151.559763
5119.257025
5087.099229
5055.050225
5023.080144
4991.166746
4959.29639
4927.46463
4895.676406
4863.945847
4832.295713
4800.756497
4769.365247
4738.164153
4707.198963
4676.517293
4646.166895
4616.193954
4586.641471
4557.54779
4528.945331
4500.859556
4473.308209
4446.300852
4419.838711
4393.91482
4368.514464
4343.615888
4319.191246
4295.20775
4271.628962
4248.416193
4225.529938
4202.931307
4180.583378
4158.452451
4136.509122
4114.729171
4093.094213
4071.592101
4050.217077
4028.969656
4007.856278
3986.888724
3966.083356
3945.460192
3925.041884
3904.852625
3884.91705
3865.259168
3845.901369
3826.863555
3808.16241
3789.810841
3771.817617
3754.187187
3736.919694
3720.011177
3703.453927
3687.236987
3671.346764
3655.767719
3640.483105
3625.475708
3610.728568
3596.225638
3581.952357
3567.896107
3554.046545
3540.395776
3526.938386
3513.671321
3500.593617
3487.706009
3475.010429
3462.509429
3450.205544
3438.100644
3426.195301
3414.488202
3402.975642
3391.651125
3380.505089
3369.524786
3358.694303
3347.99475
3337.404603
3326.900178
3316.456242
3306.046717
3295.645455
3285.227068
3274.767747
3264.246075
3253.643771
3242.946351
3232.143673
3221.230344
3210.205982
3199.075304
3187.848058
3176.538779
3165.166401
3153.75372
3142.326741
3130.913926
3119.545372
3108.251953
3097.064444
3086.012679
3075.124746
3064.426263
3053.939758
3043.684161
3033.674435
3023.921338
3014.431348
3005.206712
2996.245645
2987.542645
2979.088921
2970.872901
2962.880812
2955.097297
2947.506048
2940.090434
2932.834095
2925.721486
2918.738351
2911.87212
2905.112204
2898.450199
2891.879986
2885.397739
2879.001834
2872.692682
2866.472489
2860.344962
2854.314976
2848.388214
2842.570804
2836.868953
2831.288619
2825.835195
2820.513252
2815.326323
2810.276744
2805.365544
2800.592398
2795.955624
2791.452229
2787.077993
2782.827587
2778.694711
2774.672252
2770.752445
2766.927037
2763.187444
2759.524899
2755.930585
2752.39575
2748.911811
2745.470434
2742.063605
2738.683685
2735.32346
2731.976175
2728.635576
2725.295935
2721.952087
2718.599461
2715.234106
2711.852723
2708.452687
2705.032061
2701.5896
2698.124738
2694.637555
2691.128723
2687.599416
2684.051206
2680.485918
2676.90546
2673.311635
2669.705923
2666.08926
2662.461804
2658.822714
2655.169939
2651.500042
2647.808057
2644.087406
2640.329862
2636.525602
2632.663316
2628.730409
2624.713273
2620.597642
2616.36901
2612.013116
2607.516467
2602.866895
2598.054125
2593.070332
2587.910661
2582.573705
2577.061892
2571.38179
2565.544291
2559.564669
2553.462504
2547.261456
2540.988903
2534.675432
2528.354207
2522.060219
2515.829442
2509.697923
2503.700827
2497.871466
2492.240358
2486.834326
2481.675689
2476.781562
2472.163292
2467.826054
2463.768629
2459.983363
2456.456317
2453.167614
2450.091955
2447.199312
2444.455759
2441.824418
2439.266499
2436.742389
2434.212758
2431.639645
2428.987491
2426.224082
2423.321369
2420.256141
2417.010539
2413.572373
2409.935262
2406.098568
2402.06716
2397.850983
2393.464489
2388.925927
2384.256527
2379.479615
2374.619694
2369.701508
2364.749153
2359.785233
2354.830124
2349.901341
2345.013052
2340.175738
2335.396014
2330.676612
2326.016516
2321.411254
2316.853306
2312.332635
2307.837286
2303.354059
2298.869193
2294.369063
2289.840832
2285.273052
2280.656183
2275.983011
2271.248942
2266.452182
2261.59377
2256.677496
2251.709687
2246.698883
2241.65542
2236.590937
2231.517833
2226.448692
2221.395712
2216.370154
2211.381841
2206.438725
2201.546539
2196.708551
2191.925434
2187.195245
2182.513521
2177.873493
2173.266386
2168.681824
2164.108291
2159.533644
2154.945663
2150.33259
2145.683663
2140.989598
2136.243023
2131.438825
2126.574405
2121.649836
2116.667912
2111.634088
2106.556311
2101.444756
2096.311481
2091.169994
2086.034784
2080.920805
2075.842946
2070.815514
2065.85174
2060.963324
2056.160056
2051.449499
2046.83677
2042.324406
2037.912339
2033.597952
2029.376242
2025.240057
2021.180411
2017.186855
2013.247895
2009.351429
2005.485201
2001.637237
1997.796265
1993.95208
1990.09587
1986.220463
1982.320508
1978.392578
1974.435195
1970.44877
1966.435483
1962.399088
1958.344666
1954.27834
1950.20695
1946.137722
1942.077927
1938.034558
1934.014026
1930.021894
1926.062653
1922.139557
1918.254507
1914.407998
1910.599124
1906.825642
1903.084088
1899.369934
1895.677791
1892.001631
1888.335037
1884.671451
1881.00443
1877.327884
1873.636298
1869.924925
1866.189941
1862.428577
1858.639192
1854.821322
1850.97568
1847.10412
1843.209573
1839.295945
1835.368002
1831.431231
1827.491696
1823.555885
1819.630563
1815.72263
1811.838991
1807.98644
1804.171562
1800.400655
1796.679667
1793.014152
1789.409245
1785.869649
1782.399628
1779.003011
1775.683207
1772.443203
1769.285576
1766.212495
1763.22571
1760.32654
1757.515852
1754.794027
1752.160926
1749.615844
1747.157467
1744.783827
1742.492258
1740.279366
1738.141002
1736.072248
1734.067425
1732.120114
1730.223191
1728.368893
1726.548891
1724.754388
1722.976228
1721.205024
1719.43129
1717.645584
1715.83865
1714.001559
1712.125844
1710.203627
1708.227729
1706.191765
1704.090222
1701.918509
1699.672995
1697.351015
1694.950863
1692.471757
1689.913794
1687.277881
1684.565658
1681.779411
1678.921977
1675.996649
1673.007081
1669.957193
1666.851089
1663.692976
1660.487097
1657.237677
1653.948875
1650.624749
1647.269237
1643.886137
1640.479104
1637.05165
1633.607147
1630.148833
1626.679821
1623.203101
1619.721549
1616.237923
1612.754858
1609.274863
1605.800301
1602.333379
1598.876125
1595.430373
1591.997736
1588.579596
1585.177083
1581.791068
1578.422158
1575.070701
1571.736794
1568.420308
1565.12091
1561.838104
1558.571268
1555.319708
1552.082705
1548.85957
1545.6497
1542.452626
1539.268061
1536.095939
1532.936448
1529.790049
1526.657489
1523.539798
1520.438275
1517.354461
1514.290105
1511.247118
1508.227513
1505.233352
1502.266675
1499.329435
1496.423439
1493.550278
1490.711278
1487.907454
1485.139468
1482.407606
1479.711767
1477.051459
1474.425812
1471.833604
1469.273294
1466.743066
1464.240883
1461.764546
1459.311752
1456.880158
1454.467444
1452.071365
1449.68981
1447.320839
1444.962724
1442.613974
1440.273349
1437.939868
1435.612804
1433.291669
1430.976196
1428.666307
1426.362081
1424.063718
1421.771498
1419.485746
1417.206795
1414.934951
1412.670469
1410.413525
1408.164208
1405.922503
1403.688294
1401.461365
1399.241409
1397.028046
1394.820835
1392.619301
1390.422951
1388.231299
1386.043882
1383.860281
1381.680135
1379.503148
1377.329097
1375.157831
1372.98927
1370.823394
1368.660232
1366.499852
1364.342338
1362.18778
1360.036254
1357.88781
1355.742458
1353.600157
1351.460815
1349.324287
1347.190375
1345.058843
1342.929424
1340.801839
1338.675817
1336.551112
1334.427531
1332.304946
1330.183324
1328.062733
1325.943363
1323.82553
1321.709678
1319.596377
1317.486315
1315.380279
1313.279138
1311.183817
1309.095265
1307.014427
1304.942211
1302.879449
1300.826876
1298.785091
1296.75454
1294.735495
1292.728039
1290.732065
1288.747276
1286.773195
1284.80918
1282.854449
1280.908113
1278.969203
1277.036711
1275.109632
1273.186997
1271.267918
1269.351618
1267.437461
1265.524982
1263.613897
1261.70412
1259.79576
1257.889115
1255.984656
1254.083009
1252.18492
1250.291222
1248.402795
1246.520526
1244.645265
1242.777781
1240.918725
1239.068595
1237.227702
1235.396155
1233.573837
1231.760406
1229.955295
1228.157722
1226.366715
1224.581134
1222.799708
1221.021079
1219.243838
1217.466581
1215.687947
1213.906672
1212.121624
1210.331848
1208.536597
1206.735354
1204.927854
1203.114089
1201.294313
1199.469027
1197.638968
1195.805079
1193.96848
1192.130434
1190.2923
1188.455493
1186.62144
1184.791534
1182.967094
1181.149325
1179.33929
1177.537876
1175.745777
1173.963482
1172.191265
1170.429191
1168.677124
1166.93474
1165.201551
1163.476928
1161.760134
1160.050353
1158.346726
1156.648381
1154.954468
1153.264185
1151.576808
1149.891707
1148.20837
1146.526409
1144.845568
1143.165726
1141.48689
1139.809188
1138.132856
1136.458223
1134.78569
1133.11571
1131.448769
1129.785365
1128.125986
1126.471093
1124.821104
1123.176382
1121.537221
1119.903846
1118.276403
1116.654964
1115.039525
1113.430019
1111.826314
1110.228232
1108.635553
1107.048029
1105.465393
1103.887374
1102.313697
1100.7441
1099.178336
1097.616173
1096.057403
1094.501834
1092.949294
1091.39962
1089.852659
1088.308255
1086.766247
1085.226454
1083.688676
1082.15268
1080.618198
1079.084921
1077.552498
1076.020533
1074.488587
1072.956184
1071.422811
1069.887931
1068.350988
1066.811421
1065.268669
1063.72219
1062.171469
1060.616031
1059.055452
1057.489368
1055.917484
1054.339583
1052.755529
1051.165269
1049.568835
1047.966342
1046.357985
1044.744031
1043.124813
1041.50072
1039.872186
1038.239682
1036.603698
1034.964737
1033.323299
1031.679872
1030.034921
1028.388879
1026.74214
1025.095053
1023.447916
1021.800977
1020.154432
1018.508426
1016.863059
1015.218387
1013.574432
1011.931187
1010.288625
1008.646709
1007.005401
1005.364667
1003.724494
1002.084891
1000.445897
998.8075941
997.1701032
995.5335938
993.8982836
992.2644393
990.6323752
989.0024505
987.3750644
985.7506507
984.1296703
982.5126028
980.8999376
979.2921639
977.6897603
976.0931846
974.5028634
972.9191822
971.3424762
969.7730219
968.2110297
966.6566381
965.109909
963.5708249
962.0392876
960.5151185
958.9980611
957.4877846
955.9838894
954.4859143
952.993345
951.5056231
950.022157
948.542333
947.0655268
945.5911156
944.1184897
942.6470637
941.1762876
939.7056565
938.2347197
936.7630878
935.2904391
933.8165244
932.3411694
930.8642764
929.3858237
927.9058636
926.4245186
924.941977
923.4584859
921.9743445
920.4898956
919.0055169
917.5216119
916.0386006
914.5569101
913.0769657
911.5991829
910.1239592
908.6516677
907.1826513
905.7172176
904.255636
902.7981347
901.3449002
899.8960767
898.4517672
897.0120359
895.5769101
894.1463847
892.7204252
891.2989725
889.8819476
888.4692557
887.0607909
885.6564407
884.2560893
882.8596215
881.4669254
880.0778947
878.6924304
877.310442
875.9318482
874.5565763
873.1845625
871.8157503
870.4500898
869.0875357
867.7280464
866.3715817
865.0181014
863.6675641
862.3199255
860.9751378
859.6331486
858.2939008
856.9573325
855.6233774
854.2919656
852.9630244
851.6364799
850.3122582
848.9902877
847.6705003
846.3528337
845.0372334
843.723654
842.4120615
841.1024341
839.7947641
838.4890581
837.1853384
835.8836422
834.5840225
833.2865468
831.9912967
830.6983665
829.4078615
828.1198962
826.8345925
825.5520769
824.2724783
822.9959252
821.722543
820.4524516
819.1857625
817.922576
816.6629795
815.4070446
814.1548256
812.9063575
811.6616551
810.4207116
809.183498
807.9499633
806.7200343
805.4936162
804.270594
803.0508333
801.8341828
800.6204756
799.4095324
798.2011637
796.9951728
795.7913592
794.5895215
793.3894605
792.190983
790.9939043
789.7980519
788.6032675
787.4094101
786.2163581
785.0240107
783.8322899
782.6411408
781.4505327
780.2604582
779.0709336
777.8819971
776.6937075
775.5061426
774.3193964
773.1335767
771.9488022
770.765199
769.582898
768.4020307
767.2227267
766.0451101
764.8692967
763.6953908
762.5234836
761.3536502
760.1859488
759.0204188
757.8570808
756.6959357
755.5369655
754.3801338
753.225387
752.0726559
750.9218576
749.7728979
748.6256734
747.4800745
746.3359878
745.193299
744.0518957
742.9116695
741.7725189
740.6343509
739.4970833
738.3606461
737.2249825
736.09005
734.9558205
733.8222808
732.689432
731.5572893
730.4258807
729.2952463
728.1654368
727.0365122
725.9085401
724.7815941
723.6557523
722.5310959
721.4077071
720.2856685
719.1650615
718.0459652
716.9284554
715.8126044
714.6984799
713.5861448
712.4756573
711.3670703
710.2604318
709.1557846
708.0531671
706.9526127
705.8541506
704.7578055
703.6635979
702.5715443
701.4816569
700.3939435
699.3084078
698.2250486
697.1438601
696.0648312
694.9879455
693.9131809
692.8405098
691.7698986
690.7013076
689.6346918
688.5700005
687.5071781
686.4461646
685.3868965
684.3293075
683.2733297
682.218895
681.1659361
680.1143878
679.0641888
678.0152825
676.9676188
675.921155
674.8758568
673.8316992
672.7886671
671.7467558
670.7059707
669.6663275
668.6278514
667.5905765
666.5545444
665.5198034
